Starting Dynare (version 6.3).
Calling Dynare with arguments: none
Preprocessing time: 0h00m00s.

STEADY-STATE RESULTS:

y   		 0.396416
c   		 0.110602
h   		 0.00739062
ii  		 -1.07949
k   		 1.22309
a   		 0
d   		 0.7442
tby 		 0.0200257
cay 		 0

EIGENVALUES:
         Modulus             Real        Imaginary
            0.42             0.42                0
          0.4779           0.4779                0
          0.9967           0.9967                0
           1.044            1.044                0
           2.176            2.176                0
       2.119e+17       -2.119e+17                0
       5.488e+18        5.488e+18                0

There are 4 eigenvalue(s) larger than 1 in modulus for 4 forward-looking variable(s)
The rank condition is verified.


MODEL SUMMARY

  Number of variables:         9
  Number of stochastic shocks: 1
  Number of state variables:   3
  Number of jumpers:           4
  Number of static variables:  4


MATRIX OF COVARIANCE OF EXOGENOUS SHOCKS
Variables         u_a
u_a          1.000000

POLICY AND TRANSITION FUNCTIONS
                                   y               c               h              ii               k               a               d             tby             cay
Constant                    0.396416        0.110602        0.007391       -1.079491        1.223094               0        0.744200        0.020026               0
d(-1)                              0       -0.039227               0       -0.065918       -0.006592               0        0.974341        0.044542        0.017262
k(-1)                       0.600774        0.506431        0.412903       -3.996887        0.500311               0       -1.685401        1.121784        1.133815
a(-1)                       0.788516        0.529381        0.541935        2.822848        0.282285        0.420000        0.378288       -0.270275       -0.254484
u_a                         0.024219        0.016260        0.016645        0.086702        0.008670        0.012900        0.011619       -0.008301       -0.007816


THEORETICAL MOMENTS
VARIABLE         MEAN  STD. DEV.   VARIANCE
y              0.3964     0.0308     0.0010
c              0.1106     0.0271     0.0007
h              0.0074     0.0212     0.0004
ii            -1.0795     0.0904     0.0082
k              1.2231     0.0145     0.0002
a              0.0000     0.0142     0.0002
d              0.7442     0.3592     0.1290
tby            0.0200     0.0178     0.0003
cay            0.0000     0.0145     0.0002



MATRIX OF CORRELATIONS
Variables          y        c        h       ii        k        a        d      tby      cay
y             1.0000   0.8440   1.0000   0.6688   0.9447   0.9645  -0.0935  -0.0435   0.0503
c             0.8440   1.0000   0.8440   0.5177   0.9385   0.7524  -0.6128  -0.3114   0.0654
h             1.0000   0.8440   1.0000   0.6688   0.9447   0.9645  -0.0935  -0.0435   0.0503
ii            0.6688   0.5177   0.6688   1.0000   0.4645   0.8306   0.0114  -0.6178  -0.7068
k             0.9447   0.9385   0.9447   0.4645   1.0000   0.8345  -0.3470  -0.0081   0.2539
a             0.9645   0.7524   0.9645   0.8306   0.8345   1.0000   0.0201  -0.1870  -0.1936
d            -0.0935  -0.6128  -0.0935   0.0114  -0.3470   0.0201   1.0000   0.5287  -0.0301
tby          -0.0435  -0.3114  -0.0435  -0.6178  -0.0081  -0.1870   0.5287   1.0000   0.8318
cay           0.0503   0.0654   0.0503  -0.7068   0.2539  -0.1936  -0.0301   0.8318   1.0000



COEFFICIENTS OF AUTOCORRELATION
Order           1        2        3        4        5
y          0.6170   0.3603   0.2066   0.1201   0.0733
c          0.7822   0.6367   0.5493   0.4996   0.4721
h          0.6170   0.3603   0.2066   0.1201   0.0733
ii         0.0686  -0.1379  -0.1363  -0.0935  -0.0553
k          0.7886   0.5562   0.3897   0.2868   0.2276
a          0.4200   0.1764   0.0741   0.0311   0.0131
d          0.9982   0.9952   0.9919   0.9886   0.9853
tby        0.5086   0.3484   0.3028   0.2938   0.2945
cay        0.3220   0.0875   0.0130  -0.0067  -0.0096
Total computing time : 0h00m00s
Note: warning(s) encountered in MATLAB/Octave code
