var1=3.14

